"tick","Human Count","Zombie Count"
1.0,100,5
2.0,100,5
3.0,100,5
4.0,100,5
5.0,100,5
6.0,100,5
7.0,100,5
8.0,100,5
9.0,100,5
10.0,100,5
11.0,100,5
12.0,100,5
13.0,100,5
14.0,100,5
15.0,100,5
16.0,100,5
17.0,99,6
18.0,99,6
19.0,99,6
20.0,99,6
21.0,99,6
22.0,99,6
23.0,98,7
24.0,98,7
25.0,97,8
26.0,97,8
27.0,97,8
28.0,97,8
29.0,97,8
30.0,97,8
31.0,97,8
32.0,97,8
33.0,96,9
34.0,96,9
35.0,96,9
36.0,96,9
37.0,95,10
38.0,94,11
39.0,94,11
40.0,94,11
41.0,94,11
42.0,94,11
43.0,94,11
44.0,94,11
45.0,94,11
46.0,94,11
47.0,94,11
48.0,93,12
49.0,93,12
50.0,93,12
51.0,93,12
52.0,93,12
53.0,93,12
54.0,93,12
55.0,93,12
56.0,93,12
57.0,92,13
58.0,92,13
59.0,92,13
60.0,92,13
61.0,91,14
62.0,91,14
63.0,90,15
64.0,90,15
65.0,90,15
66.0,89,16
67.0,88,17
68.0,88,17
69.0,88,17
70.0,87,18
71.0,86,19
72.0,85,20
73.0,85,20
74.0,85,20
75.0,85,20
76.0,85,20
77.0,85,20
78.0,85,20
79.0,85,20
80.0,84,21
81.0,84,21
82.0,84,21
83.0,84,21
84.0,84,21
85.0,84,21
86.0,84,21
87.0,84,21
88.0,82,23
89.0,82,23
90.0,81,24
91.0,80,25
92.0,79,26
93.0,79,26
94.0,79,26
95.0,78,27
96.0,77,28
97.0,76,29
98.0,76,29
99.0,75,30
100.0,74,31
101.0,74,31
102.0,74,31
103.0,74,31
104.0,74,31
105.0,73,32
106.0,73,32
107.0,72,33
108.0,72,33
109.0,72,33
110.0,72,33
111.0,72,33
112.0,72,33
113.0,72,33
114.0,72,33
115.0,71,34
116.0,71,34
117.0,71,34
118.0,71,34
119.0,70,35
120.0,68,37
