"tick","Human Count","Zombie Count"
1.0,98,7
2.0,98,7
3.0,98,7
4.0,98,7
5.0,98,7
6.0,98,7
7.0,98,7
8.0,98,7
9.0,98,7
10.0,98,7
11.0,98,7
12.0,98,7
13.0,98,7
14.0,98,7
15.0,98,7
16.0,98,7
17.0,98,7
18.0,98,7
19.0,98,7
20.0,97,8
21.0,97,8
22.0,97,8
23.0,97,8
24.0,97,8
25.0,97,8
26.0,97,8
27.0,97,8
28.0,97,8
29.0,97,8
30.0,97,8
31.0,97,8
32.0,97,8
33.0,97,8
34.0,96,9
35.0,96,9
36.0,96,9
37.0,96,9
38.0,96,9
39.0,96,9
40.0,96,9
41.0,96,9
42.0,96,9
43.0,96,9
44.0,96,9
45.0,96,9
46.0,96,9
47.0,96,9
48.0,96,9
49.0,96,9
50.0,96,9
51.0,96,9
52.0,96,9
53.0,96,9
54.0,96,9
55.0,95,10
56.0,95,10
57.0,95,10
58.0,95,10
59.0,94,11
60.0,94,11
61.0,94,11
62.0,94,11
63.0,94,11
64.0,94,11
65.0,93,12
66.0,93,12
67.0,93,12
68.0,93,12
69.0,93,12
70.0,93,12
71.0,93,12
72.0,93,12
73.0,93,12
74.0,93,12
75.0,92,13
76.0,92,13
77.0,92,13
78.0,92,13
79.0,92,13
80.0,92,13
81.0,91,14
82.0,91,14
83.0,90,15
84.0,90,15
85.0,90,15
86.0,90,15
87.0,90,15
88.0,90,15
89.0,90,15
90.0,90,15
91.0,90,15
92.0,90,15
93.0,89,16
94.0,89,16
95.0,89,16
96.0,89,16
97.0,89,16
98.0,89,16
99.0,89,16
100.0,89,16
101.0,89,16
102.0,87,18
103.0,87,18
104.0,87,18
105.0,87,18
106.0,87,18
107.0,87,18
108.0,87,18
109.0,87,18
110.0,87,18
111.0,87,18
112.0,87,18
113.0,87,18
114.0,86,19
115.0,86,19
116.0,86,19
117.0,86,19
118.0,86,19
119.0,86,19
120.0,86,19
